1,10,9,1,1,9,2,0,1,false,false
2,13,7,2,4,7,2,0,2,false,false
3,5,11,5,10,10,2,0,3,true,true
4,14,16,1,6,10,2,1,4,true,false
5,18,13,1,7,14,2,0,5,true,true
6,3,9,3,5,9,2,0,6,false,false
7,8,11,1,2,9,2,0,7,true,true
8,21,15,4,9,10,2,0,8,true,false
9,12,13,3,6,9,2,0,9,true,false
10,6,10,1,5,12,2,0,10,true,true
11,12,19,2,6,14,2,1,11,true,true
12,9,0,3,10,12,3,1,12,true,false
13,17,13,2,2,7,2,0,13,false,false
14,13,20,7,8,8,3,1,14,true,false
15,7,16,2,10,12,2,1,15,true,true
16,1,11,1,2,2,1,0,16,false,false
17,16,14,3,6,10,1,0,17,false,false
18,3,1,7,9,10,2,1,18,true,false
19,14,10,1,8,11,2,1,19,true,false
20,19,21,8,11,12,3,1,20,true,true
